<?xml version="1.0" encoding="UTF-8"?>
<map version="1.5" tiledversion="1.5.0" orientation="orthogonal" renderorder="right-down" width="50" height="30" tilewidth="64" tileheight="64" infinite="0" nextlayerid="6" nextobjectid="94">
 <tileset firstgid="1" name="backgroud " tilewidth="64" tileheight="64" spacing="10" tilecount="540" columns="27">
  <image source="../img/spritesheet_tiles.png" width="1988" height="1470"/>
 </tileset>
 <tileset firstgid="541" source="../img/Eiffel Tower.tsx"/>
 <tileset firstgid="685" source="../img/thesky.tsx"/>
 <tileset firstgid="925" source="../img/cafe.tsx"/>
 <tileset firstgid="961" source="../img/house.tsx"/>
 <tileset firstgid="997" source="../img/tracks.tsx"/>
 <tileset firstgid="1000" source="../img/construction.tsx"/>
 <tileset firstgid="1006" source="../img/fish.tsx"/>
 <layer id="4" name="Bottom Bottom Bottom " width="50" height="30">
  <data encoding="csv">
0,0,0,0,0,0,0,0,0,0,0,0,0,0,0,0,0,0,0,0,0,0,0,0,0,0,0,0,0,0,0,0,0,0,0,0,18,18,0,15,19,20,16,0,0,0,0,0,0,0,
0,0,0,0,0,0,0,0,0,0,0,0,0,0,0,0,0,0,0,0,0,0,0,0,0,0,0,0,0,0,0,0,0,0,0,0,18,18,0,15,19,20,16,0,0,0,0,0,0,0,
0,0,0,0,0,0,0,0,0,0,0,0,0,0,0,0,0,0,0,0,0,0,0,0,0,0,0,0,0,0,0,0,0,0,0,0,18,18,0,15,19,20,16,0,0,0,0,0,0,0,
0,0,0,0,0,0,0,0,0,0,0,0,0,0,0,0,0,0,0,0,0,0,0,0,0,0,0,0,0,0,0,0,0,0,0,120,120,120,120,15,20,20,16,0,0,0,0,0,0,0,
0,0,0,0,0,0,0,0,0,0,0,0,0,0,0,0,0,0,0,0,0,0,0,0,0,0,0,0,0,0,0,0,0,0,0,0,0,0,0,0,0,0,0,0,0,0,0,0,0,0,
0,0,0,0,0,0,0,0,0,0,0,0,4,4,4,4,4,4,4,4,4,4,0,0,0,0,0,0,0,0,0,0,0,0,0,0,0,0,0,0,0,0,0,0,0,0,0,0,0,0,
0,0,0,0,0,0,0,0,0,0,0,0,4,4,4,4,4,4,4,4,4,4,0,0,0,0,0,0,0,0,0,0,0,0,0,0,0,0,0,0,0,0,0,0,0,0,0,0,0,0,
0,0,0,0,0,0,0,0,0,0,0,0,4,4,4,4,4,4,4,4,4,4,0,0,0,0,0,0,0,0,0,0,0,0,0,120,120,120,120,15,19,20,16,0,0,0,0,0,0,0,
0,0,0,0,0,0,0,0,0,0,0,0,4,4,4,0,0,0,4,4,4,4,0,0,0,17,17,17,17,17,17,17,17,17,17,17,17,17,17,15,19,20,16,17,17,17,17,17,17,17,
0,0,0,0,0,0,0,0,0,0,0,0,4,4,4,4,4,0,4,4,4,4,0,0,0,17,17,17,17,17,17,17,17,17,17,17,17,17,17,15,19,20,16,17,17,17,17,17,17,17,
0,0,0,0,0,0,0,0,0,0,0,0,120,120,120,120,120,120,120,120,120,120,0,0,0,17,17,17,17,17,17,17,17,17,17,17,17,17,17,15,19,20,16,17,17,17,17,17,17,17,
0,0,0,0,0,0,0,0,0,0,0,0,0,0,0,0,0,0,0,0,0,0,0,0,0,0,0,0,0,0,0,0,0,0,0,17,17,17,17,15,19,20,16,16,16,16,16,16,16,16,
0,0,0,0,0,0,0,0,0,0,0,0,0,0,0,0,0,0,0,0,0,0,0,0,0,0,0,0,0,0,0,0,0,0,0,17,17,17,17,15,19,20,19,19,19,19,19,19,19,19,
0,0,0,0,0,0,0,0,0,0,0,0,0,0,0,0,0,0,0,0,0,0,0,0,0,0,0,0,0,0,0,0,0,0,0,18,18,18,18,15,19,20,19,19,19,19,19,19,19,19,
0,0,0,0,0,0,0,16,0,0,0,0,0,0,0,0,0,0,0,0,0,0,0,0,0,0,0,0,0,0,0,0,0,0,0,18,18,18,18,15,16,16,16,16,16,16,16,16,16,16,
0,0,0,0,0,0,16,0,0,0,0,0,0,0,0,0,0,0,0,0,0,0,0,0,0,0,0,0,0,0,0,0,0,0,0,18,18,18,18,0,0,0,0,0,0,0,0,0,0,0,
0,0,0,0,0,0,0,0,0,0,0,0,0,0,0,0,0,0,0,0,0,0,0,0,0,0,0,0,0,0,0,0,0,0,0,18,18,18,18,0,0,0,0,0,0,0,0,0,0,0,
0,0,0,0,0,0,0,0,0,0,0,0,0,0,0,0,0,0,0,0,0,0,0,0,0,0,0,0,0,0,0,0,0,0,0,18,18,18,18,0,0,0,0,0,0,0,0,0,0,0,
0,0,0,0,0,0,0,0,0,0,0,0,0,0,0,0,0,0,0,0,0,0,0,0,0,0,0,0,0,0,0,0,0,0,0,18,18,18,18,0,0,0,0,0,0,0,0,0,0,0,
0,0,0,0,0,0,0,0,0,0,0,0,0,0,0,0,0,0,0,0,0,0,0,0,0,0,0,0,0,0,0,0,0,0,0,18,18,18,18,0,0,0,0,0,0,0,0,0,0,0,
0,0,0,0,0,0,17,0,0,17,0,0,0,0,0,0,0,0,0,0,0,0,0,0,0,0,0,0,0,0,0,0,0,0,0,18,18,18,18,0,0,0,0,0,0,0,0,0,0,0,
0,0,0,0,0,0,17,0,0,17,0,0,0,0,0,0,0,0,0,0,0,0,0,0,0,0,0,0,0,0,0,0,0,0,0,18,18,18,18,0,0,0,0,0,0,0,0,0,0,0,
0,0,0,0,0,0,17,0,0,17,0,0,0,0,0,0,0,0,0,0,0,0,0,0,0,0,0,0,0,0,0,0,0,0,0,18,18,18,18,0,0,0,0,0,0,0,0,0,0,0,
0,0,0,0,0,0,17,0,0,17,0,0,0,0,0,0,0,0,0,0,0,0,0,0,0,0,0,0,0,0,0,0,0,0,0,18,18,18,18,0,0,0,0,0,0,0,0,0,0,0,
0,0,0,0,0,0,17,0,0,17,0,0,0,0,0,0,0,0,0,0,0,0,0,0,0,0,0,0,0,0,0,0,0,0,0,18,18,18,18,0,0,0,0,0,0,0,0,0,0,0,
0,0,0,0,0,0,0,0,0,0,0,0,0,0,0,0,0,0,0,0,0,0,0,0,0,0,0,0,0,0,0,0,0,0,0,18,18,18,18,0,0,0,0,0,0,0,0,0,0,0,
0,0,0,0,0,0,0,0,0,0,0,0,0,0,0,0,0,0,0,0,0,0,0,0,0,0,0,0,0,0,0,0,0,0,0,18,18,18,18,0,0,0,0,0,0,0,0,0,0,0,
0,0,0,0,0,0,0,0,0,0,0,0,0,0,0,0,0,0,0,0,0,0,0,0,0,0,0,0,0,0,0,0,0,0,0,18,18,18,18,0,0,0,0,0,0,0,0,0,0,0,
17,17,17,17,17,17,17,17,17,17,17,17,17,17,17,17,17,17,17,17,17,17,17,17,17,17,17,17,17,17,17,17,17,17,17,18,18,18,18,0,0,0,0,0,0,0,0,0,0,0,
17,17,17,17,17,17,17,17,17,17,17,17,17,17,17,17,17,17,17,17,17,17,17,17,17,17,17,17,17,17,17,17,17,17,17,18,18,18,18,0,0,0,0,0,0,0,0,0,0,0
</data>
 </layer>
 <layer id="3" name="Bottom Bottom " width="50" height="30">
  <data encoding="csv">
0,0,0,0,0,0,0,0,0,0,0,0,0,0,0,0,0,0,0,0,0,0,0,0,0,17,17,17,17,17,17,17,17,17,17,17,998,998,17,0,0,0,0,17,17,17,17,17,17,17,
0,0,0,0,0,0,0,0,0,0,0,0,0,0,0,0,0,0,0,0,0,0,0,0,0,17,17,17,17,17,17,17,17,17,17,17,999,999,17,0,0,0,0,17,17,17,17,17,17,17,
0,0,0,0,0,0,0,0,0,0,0,0,0,0,0,0,0,0,0,0,0,0,0,0,0,17,17,17,17,17,17,17,17,17,0,17,999,999,17,0,0,0,0,17,17,17,17,17,17,17,
0,0,0,0,0,0,0,0,0,0,0,0,0,0,0,0,0,0,0,0,0,0,0,0,0,120,120,120,120,120,120,120,120,120,120,120,999,999,120,120,0,0,120,120,120,120,120,120,120,120,
0,0,0,0,0,0,0,0,0,0,0,0,0,0,0,0,0,0,0,0,0,0,0,0,0,0,0,0,0,0,0,0,0,0,0,0,999,999,0,0,0,0,0,0,0,0,0,0,0,0,
0,0,0,0,0,0,0,0,0,0,0,0,0,0,0,926,927,928,929,0,0,0,0,0,0,0,0,0,0,0,0,0,0,0,0,0,999,999,0,0,0,0,0,0,0,0,0,0,0,0,
0,0,0,0,0,0,0,0,0,0,0,0,0,0,0,932,933,934,935,0,0,0,0,0,0,0,0,0,0,0,0,0,0,0,0,0,999,999,0,0,0,0,0,0,0,0,0,0,0,0,
0,0,0,0,0,0,0,0,0,0,0,0,0,0,0,938,939,940,941,0,0,0,0,0,0,120,120,120,120,120,120,120,120,120,120,120,999,999,120,0,0,0,0,120,120,120,120,120,120,120,
0,0,0,0,0,0,0,0,0,0,0,0,0,0,0,944,945,946,947,0,0,0,0,0,0,0,0,0,0,0,0,0,0,0,0,0,999,999,0,0,0,0,0,0,0,0,0,0,0,0,
0,0,0,0,0,0,0,0,0,0,0,0,0,0,0,950,951,952,953,0,0,0,0,0,0,0,0,0,0,0,0,0,0,0,0,0,999,999,0,0,0,0,0,0,0,0,0,0,0,0,
0,0,0,0,0,0,0,0,0,0,0,0,0,0,0,956,957,958,959,0,0,0,0,0,0,0,0,0,0,0,0,0,0,0,0,0,999,999,0,0,0,0,0,0,0,0,0,0,0,0,
0,0,0,0,0,0,0,0,0,0,0,0,0,0,0,0,0,0,0,0,0,0,0,0,0,0,0,0,0,0,0,0,0,0,0,0,999,999,0,0,0,0,0,0,0,0,0,0,0,0,
0,0,0,0,0,0,0,0,0,0,0,0,0,0,0,0,0,0,0,0,0,0,0,0,0,0,0,0,0,0,0,0,0,0,0,0,999,999,0,0,0,0,0,0,0,0,0,0,0,0,
0,0,0,0,0,0,0,0,0,0,0,0,0,0,0,0,0,0,0,0,0,0,0,0,0,0,0,0,0,0,0,0,0,0,0,0,999,999,0,0,0,0,0,0,0,0,0,0,0,0,
0,0,0,15,0,16,16,18,18,17,18,18,18,0,0,848,849,850,851,852,853,856,855,856,857,856,857,858,859,860,861,862,0,0,0,0,999,998,0,0,0,0,0,0,0,0,0,0,0,0,
0,0,0,15,0,16,16,16,18,18,18,18,18,0,0,848,849,850,851,852,853,855,855,856,857,856,857,858,859,860,861,862,0,0,0,0,999,999,0,0,0,0,0,0,0,0,0,0,0,0,
0,0,0,15,0,16,16,16,16,18,18,18,18,0,0,848,849,850,851,852,853,856,856,856,857,856,857,858,859,860,861,862,0,0,0,0,997,999,0,0,0,0,0,0,0,0,0,0,0,0,
0,0,0,15,0,16,0,18,0,0,18,18,18,0,0,848,849,850,851,852,853,855,875,856,837,856,857,858,859,860,861,862,0,0,0,0,998,999,0,0,0,0,0,0,0,0,0,0,0,0,
0,0,0,15,0,16,0,0,0,0,18,18,18,0,0,848,849,850,851,852,853,856,855,875,857,856,857,858,859,860,861,862,861,0,0,0,999,999,0,0,0,0,0,0,0,0,0,0,0,0,
0,0,0,15,0,16,0,0,0,0,18,18,18,0,0,848,849,850,851,852,853,855,855,875,857,856,857,858,859,860,861,862,861,0,0,0,999,999,0,0,0,0,0,0,0,0,0,0,0,0,
0,0,0,15,0,16,206,0,0,206,18,18,18,0,0,848,849,850,851,852,853,875,875,856,875,856,857,858,859,860,861,862,862,0,0,0,999,999,0,0,0,0,0,0,0,0,0,0,0,0,
0,0,0,15,0,16,206,0,0,206,18,18,18,0,0,848,849,850,851,852,853,856,875,856,857,856,857,858,859,860,861,862,862,0,0,0,999,999,0,0,0,0,0,0,0,0,0,0,0,0,
0,0,0,15,0,16,206,0,0,206,18,18,18,0,0,848,849,850,851,852,853,875,875,856,875,856,857,858,859,860,861,862,861,0,0,0,999,998,0,0,0,0,0,0,0,0,0,0,0,0,
0,0,0,15,0,16,206,0,0,206,18,18,18,0,0,848,849,850,851,852,853,854,875,856,875,856,857,858,859,860,861,862,0,0,0,0,999,999,0,0,0,0,0,0,0,0,0,0,0,0,
0,0,0,15,0,16,206,0,0,206,18,18,18,0,0,848,849,850,851,852,853,854,855,856,857,856,857,858,859,860,861,862,894,0,0,0,999,999,0,0,0,0,0,0,0,0,0,0,0,0,
0,0,0,0,0,0,0,0,0,0,0,0,0,0,0,0,0,0,0,0,0,0,0,0,0,0,0,0,0,0,0,0,0,0,0,0,999,999,0,0,0,0,0,0,0,0,0,0,0,0,
0,0,0,0,0,0,0,0,0,0,0,0,0,0,0,0,0,0,0,0,0,0,0,0,0,0,0,0,0,0,0,0,869,0,0,0,999,999,0,0,0,0,0,0,0,0,0,0,0,0,
0,0,0,0,0,0,0,0,0,0,0,0,0,0,0,0,0,0,0,0,0,0,0,0,0,0,0,0,0,0,0,0,0,0,0,0,999,999,0,0,0,0,0,0,0,0,0,0,0,0,
0,0,0,0,0,0,0,0,0,0,0,0,0,0,0,0,0,0,0,0,0,0,0,0,0,0,0,0,0,0,0,0,0,0,0,0,999,999,0,0,0,0,0,0,0,0,0,0,0,0,
0,0,0,0,0,0,0,0,0,0,0,0,0,0,0,0,0,0,0,0,0,0,0,0,0,0,0,0,0,0,0,0,0,0,0,0,999,999,0,0,0,0,0,0,0,0,0,0,0,0
</data>
 </layer>
 <layer id="1" name="Tile Layer 1" width="50" height="30">
  <data encoding="csv">
33,30,30,30,30,30,30,30,30,30,30,34,4,4,4,4,4,4,4,4,4,4,28,91,29,0,0,0,962,963,0,965,966,961,962,963,964,965,966,0,0,0,0,0,961,962,963,964,965,966,
28,92,92,92,92,92,92,92,92,92,91,29,4,4,4,4,4,4,4,4,4,4,28,91,29,0,0,967,968,969,970,971,972,967,968,969,970,971,972,0,0,0,0,0,967,968,969,970,971,972,
28,91,86,57,57,57,57,57,57,86,91,29,4,4,4,4,4,4,4,4,4,4,28,91,29,0,0,973,974,975,976,977,978,973,974,975,976,977,978,0,0,0,0,0,973,974,975,976,977,978,
28,91,29,19,19,19,19,20,19,28,91,29,4,4,4,4,4,4,4,4,4,4,28,91,29,0,0,979,980,981,982,983,984,979,980,981,982,983,984,0,0,0,0,0,979,980,981,982,983,984,
28,91,29,19,20,20,19,20,19,28,91,29,4,4,4,4,4,4,4,4,4,4,28,91,93,30,30,30,30,30,30,30,30,30,30,30,30,30,30,30,30,30,30,30,30,30,30,30,30,30,
28,91,29,19,20,19,19,19,19,28,91,29,926,927,928,929,0,0,926,927,928,929,28,91,90,90,90,90,90,90,90,90,90,90,90,90,90,90,90,90,90,90,90,90,90,90,90,90,90,90,
28,91,86,112,112,112,112,112,112,86,91,29,932,933,934,935,0,0,932,933,934,935,28,91,93,57,57,57,57,57,57,57,57,57,57,57,57,57,57,57,57,57,57,57,57,57,93,93,57,57,
28,91,86,113,113,113,113,113,113,86,91,29,938,939,940,941,0,0,938,939,940,941,28,91,29,0,961,962,963,964,965,966,0,0,0,0,0,0,0,0,0,0,0,0,0,0,148,149,0,0,
28,91,29,19,20,19,19,19,20,28,91,29,944,945,946,947,0,0,944,945,946,947,28,91,29,0,967,968,969,970,971,972,0,0,0,0,0,0,0,0,0,0,0,0,0,0,148,149,0,0,
28,91,29,19,20,19,19,19,20,28,91,29,950,951,952,953,0,0,950,951,952,953,28,91,29,0,973,974,975,976,977,978,0,0,0,0,0,0,0,0,0,0,0,0,0,0,148,149,0,0,
28,91,29,19,19,19,19,20,20,28,91,29,956,957,958,959,0,0,956,957,958,959,28,91,29,0,979,980,981,982,983,984,0,0,0,0,0,0,0,0,0,0,0,0,0,0,148,149,0,0,
28,91,86,30,30,30,30,30,30,86,91,86,30,30,30,30,30,30,30,30,30,30,86,91,86,30,30,30,30,30,30,30,30,30,34,0,0,0,0,0,0,0,0,0,0,0,148,149,0,0,
28,91,90,92,92,92,92,92,92,92,92,92,92,92,91,90,90,90,90,90,90,90,90,93,92,92,92,92,92,92,92,92,92,91,29,0,0,0,0,0,0,0,0,0,0,0,148,149,0,0,
28,91,93,57,57,57,57,57,57,57,57,57,57,86,91,86,57,57,57,57,57,57,57,57,57,57,57,57,57,57,57,57,86,91,29,0,0,0,0,0,0,0,0,0,0,0,148,149,0,0,
28,91,29,183,19,181,182,0,0,0,0,0,235,28,91,29,583,583,583,583,583,583,583,583,583,583,583,583,583,583,583,583,28,91,29,0,0,0,0,0,0,0,0,0,0,0,148,149,0,0,
28,91,29,0,19,208,209,0,183,0,213,0,0,28,91,29,583,583,583,583,583,583,583,583,583,583,583,583,583,583,583,583,28,91,29,0,0,0,0,17,17,17,17,17,17,17,148,149,17,17,
28,91,29,0,20,235,0,0,0,0,0,235,0,28,91,29,583,583,583,583,583,583,583,548,549,550,551,583,583,583,583,583,28,91,29,0,0,0,0,17,17,17,17,17,17,17,148,149,17,17,
28,91,29,183,20,0,116,169,169,117,213,0,213,28,91,29,583,583,583,583,583,583,583,564,565,583,583,583,583,583,583,583,28,91,29,0,0,0,0,17,17,17,17,17,17,17,148,149,17,17,
28,91,29,235,19,183,167,169,169,168,0,0,0,28,91,29,583,583,583,583,583,583,583,580,581,583,583,583,583,583,583,583,28,91,29,0,0,0,0,17,17,17,17,17,17,17,148,149,17,17,
28,91,29,0,19,0,143,169,169,144,235,0,0,28,91,29,583,583,583,583,583,583,583,596,597,583,583,583,583,583,583,583,28,91,29,0,0,0,0,17,17,17,17,17,17,17,148,149,17,17,
28,91,29,183,19,235,235,139,140,134,0,181,182,28,91,29,583,583,583,583,583,583,583,612,613,614,583,583,583,583,583,583,28,91,29,0,0,0,0,17,17,17,17,17,17,17,148,149,17,17,
28,91,29,235,19,0,134,139,140,235,0,208,209,28,91,29,621,622,623,624,625,626,627,628,629,630,583,632,633,634,635,583,28,91,93,30,30,30,30,30,30,30,30,15,15,15,93,93,30,30,
28,91,29,0,19,183,235,139,140,134,0,0,0,28,91,29,637,638,639,640,641,642,643,644,645,646,647,648,649,650,651,583,28,91,90,90,90,90,90,90,90,90,90,15,15,15,90,90,90,90,
28,91,29,183,19,0,134,139,140,235,0,0,0,28,91,29,653,654,655,656,657,658,659,660,661,662,663,664,665,666,667,668,28,91,93,57,57,57,57,57,57,57,57,15,15,15,57,57,57,57,
28,91,29,0,19,183,235,139,140,134,0,0,0,28,91,29,669,670,671,672,673,674,675,676,677,678,679,680,681,682,683,684,28,91,29,0,0,0,0,17,17,17,17,17,17,17,17,17,17,17,
28,91,65,30,30,30,30,86,86,30,30,30,30,86,91,86,30,30,30,30,30,30,30,30,30,30,30,30,30,30,30,30,86,91,29,0,0,0,0,17,17,17,17,17,17,17,17,17,17,17,
28,92,92,92,92,92,92,92,92,92,92,92,92,92,86,90,90,90,90,90,90,90,90,90,90,90,90,90,90,90,90,90,90,90,29,0,0,0,0,17,17,17,17,17,17,17,17,17,17,17,
60,57,57,57,57,57,57,57,57,57,57,57,57,57,57,57,57,57,57,57,57,57,57,57,57,57,57,57,57,57,57,57,57,57,61,0,0,0,0,17,17,17,17,17,17,17,17,17,17,17,
0,0,0,0,0,0,0,0,0,0,0,0,0,0,0,0,0,0,0,0,0,0,0,0,0,0,0,0,0,0,0,0,0,0,0,0,0,0,0,17,17,17,17,17,17,17,17,17,17,17,
0,0,0,0,0,0,0,0,0,0,0,0,0,0,0,0,0,0,0,0,0,0,0,0,0,0,0,0,0,0,0,0,0,0,0,0,0,0,0,17,17,17,17,17,17,17,17,17,17,17
</data>
 </layer>
 <layer id="5" name="top top" width="50" height="30">
  <data encoding="csv">
0,0,0,0,0,0,0,0,0,0,0,0,0,0,0,0,0,0,0,0,0,0,0,0,0,0,0,0,0,0,0,0,0,0,0,0,0,0,0,0,0,0,0,0,0,0,0,0,0,0,
0,0,0,0,0,0,0,0,0,0,0,0,0,0,0,0,0,0,0,0,0,0,0,0,0,0,0,0,0,0,0,0,0,0,0,0,0,0,0,0,1610613742,0,0,0,0,0,0,0,0,0,
0,0,0,0,0,0,0,0,0,0,0,0,0,0,0,0,0,0,0,0,0,0,0,0,0,0,0,0,0,0,0,0,0,0,0,0,0,0,0,0,1610613742,0,0,0,0,0,0,0,0,0,
0,0,0,0,0,0,0,0,0,0,0,0,0,0,0,0,0,0,0,0,0,0,0,0,0,0,0,0,0,0,0,0,0,0,0,0,0,0,0,0,0,0,0,0,0,0,0,0,0,0,
0,0,0,0,0,0,1006,1006,0,0,0,0,0,0,0,0,0,0,0,0,0,0,0,0,0,0,0,0,0,0,0,0,0,0,0,0,0,0,0,0,0,0,0,0,0,0,0,0,0,0,
0,0,0,0,0,0,0,0,0,0,0,0,0,0,0,0,0,0,0,0,0,0,0,0,0,0,0,0,0,0,0,0,0,0,0,0,0,0,0,0,0,0,0,0,0,0,0,0,0,0,
0,0,0,0,0,0,0,0,0,0,0,0,0,0,0,0,0,0,0,0,0,0,0,0,0,0,0,0,0,0,0,0,0,0,0,0,0,0,0,0,0,0,0,0,0,0,0,0,0,0,
0,0,0,0,0,0,0,0,0,0,0,0,0,0,0,0,0,0,0,0,0,0,0,0,0,0,0,0,0,0,0,0,0,0,0,0,0,0,0,0,0,0,0,0,0,0,0,0,0,0,
0,0,0,0,0,0,0,0,0,0,0,0,0,0,0,0,0,0,0,0,0,0,0,0,0,0,0,0,0,0,0,0,0,0,0,0,0,0,0,0,0,0,0,0,0,0,0,0,0,0,
0,0,0,0,1006,1006,0,0,0,0,0,0,0,0,0,0,0,0,0,0,0,0,0,0,0,0,0,0,0,0,0,0,0,0,0,0,0,0,0,0,0,1610613742,0,0,0,0,0,0,0,0,
0,0,0,0,0,0,0,0,0,0,0,0,0,0,0,0,0,0,0,0,0,0,0,0,0,0,0,0,0,0,0,0,0,0,0,0,0,0,0,0,0,0,0,0,0,0,0,0,0,0,
0,0,0,0,0,0,0,0,0,0,0,0,0,0,0,0,0,0,0,0,0,0,0,0,0,0,0,0,0,0,0,0,0,0,0,0,0,0,0,0,0,0,0,0,0,0,0,0,0,0,
0,0,0,0,0,0,0,0,0,0,0,0,0,0,0,0,0,0,0,0,0,0,0,0,0,0,0,0,0,0,0,0,0,0,0,0,0,0,0,0,0,0,0,0,0,0,0,0,1006,0,
0,0,0,0,0,0,0,0,0,0,0,0,0,0,0,0,0,0,0,0,0,0,0,0,0,0,0,0,0,0,0,0,0,0,0,0,0,0,0,0,0,0,1006,1006,0,0,0,0,0,0,
0,0,0,0,0,0,0,0,0,0,0,0,0,0,0,0,0,0,0,0,0,0,0,0,0,0,0,0,0,0,0,0,0,0,0,0,0,0,0,0,0,0,0,0,0,0,0,0,0,0,
0,0,0,0,0,0,0,0,0,0,0,0,0,0,0,0,0,0,0,0,0,0,0,0,0,0,0,0,0,0,0,0,0,0,0,0,0,0,0,0,0,0,0,0,0,0,0,0,0,0,
0,0,0,0,0,0,0,0,0,0,0,0,0,0,0,0,0,0,0,0,0,0,0,0,0,0,0,0,0,0,0,0,0,0,0,0,0,0,0,0,0,0,0,0,0,0,0,0,0,0,
0,0,0,0,1610613742,0,0,0,0,0,0,0,0,0,0,0,0,0,0,0,0,0,0,0,0,0,0,0,0,0,0,0,0,0,0,0,0,0,0,0,0,0,0,0,0,0,0,0,0,0,
0,0,0,0,1610613742,0,0,0,0,0,0,0,0,0,0,0,0,0,0,0,0,0,0,0,0,0,0,0,0,0,0,0,0,0,0,0,0,0,0,0,0,0,0,0,0,0,0,0,0,0,
0,0,0,0,0,0,0,0,0,0,0,0,0,0,0,0,0,0,0,0,0,0,0,0,0,0,0,0,0,0,0,0,0,0,0,0,0,0,0,0,0,0,0,0,0,0,0,0,0,0,
0,0,0,0,0,0,0,0,0,0,0,0,0,0,0,0,0,0,0,0,0,0,0,0,0,0,0,0,0,0,0,0,0,0,0,0,0,0,0,0,0,0,0,0,0,0,0,0,0,0,
0,0,0,0,0,0,0,0,0,0,0,0,0,0,0,0,0,0,0,0,0,0,0,0,0,0,0,0,0,0,0,0,0,0,0,0,0,0,0,0,0,0,0,1000,1001,1002,0,0,0,0,
0,0,0,0,0,0,0,0,0,0,0,0,0,0,0,0,0,0,0,0,0,0,0,0,0,0,0,0,0,0,0,0,0,0,0,0,0,0,0,0,0,0,0,1003,1004,1005,0,0,0,0,
0,0,0,0,0,0,0,0,0,0,0,0,0,0,0,0,0,0,0,0,0,0,0,0,0,0,0,0,0,0,0,0,0,0,0,0,0,0,0,0,0,0,0,0,0,0,0,0,0,0,
0,0,0,0,0,0,0,0,0,0,0,0,0,0,0,0,0,0,0,0,0,0,0,0,0,0,0,0,0,0,0,0,0,0,0,0,0,0,0,0,0,0,0,0,0,0,0,0,0,0,
0,0,0,0,0,0,0,0,0,0,0,0,0,0,0,0,0,0,0,0,0,0,0,0,0,0,0,0,0,0,0,0,0,0,0,0,0,0,0,0,0,0,0,0,0,0,0,0,0,0,
0,0,0,0,0,0,0,0,0,0,0,0,0,0,0,0,0,0,0,0,0,0,0,0,0,0,0,0,0,0,0,0,0,0,0,0,0,0,0,0,0,0,0,0,0,0,0,0,0,0,
0,0,0,0,0,0,0,0,0,0,0,0,0,0,0,0,0,0,0,0,0,0,0,0,0,0,0,0,0,0,0,0,0,0,0,0,0,0,0,0,0,0,0,0,0,0,0,0,0,0,
0,0,0,0,0,0,0,0,0,0,0,0,0,0,0,0,0,0,0,0,0,0,0,0,0,0,0,0,0,0,0,0,0,0,0,0,0,0,0,0,0,0,0,0,0,0,0,0,0,0,
0,0,0,0,0,0,0,0,0,0,0,0,0,0,0,0,0,0,0,0,0,0,0,0,0,0,0,0,0,0,0,0,0,0,0,0,0,0,0,0,0,0,0,0,0,0,0,0,0,0
</data>
 </layer>
 <objectgroup id="2" name="Object Layer 1">
  <object id="1" name="player" x="1442" y="1638" width="250" height="88"/>
  <object id="3" name="pass1" x="476" y="1142" width="80" height="74"/>
  <object id="5" name="pass2" x="2992" y="1405" width="80" height="74"/>
  <object id="6" name="wall" x="-45.4545" y="1794.55" width="3266.67" height="120.606"/>
  <object id="8" name="wall" x="-15.1515" y="-63.6364" width="18.1818" height="1975.76"/>
  <object id="9" name="wall" x="191.273" y="189.333" width="384.485" height="194.788"/>
  <object id="10" name="wall" x="190.424" y="510.606" width="384.485" height="194.788"/>
  <object id="11" name="wall" x="769.091" y="6.606" width="637.818" height="698.788"/>
  <object id="12" name="wall" x="-2.66667" y="-16" width="1636" height="21.3333"/>
  <object id="13" name="wall" x="1020" y="893.333" width="1025.33" height="708"/>
  <object id="14" name="wall" x="576" y="1280" width="260" height="318.667"/>
  <object id="15" name="wall" x="190" y="1279.33" width="260" height="318.667"/>
  <object id="16" name="wall" x="640" y="894.667" width="186.667" height="404"/>
  <object id="18" name="wall" x="194.667" y="895.333" width="186.667" height="404"/>
  <object id="19" name="wall" x="248" y="897.333" width="544" height="190.667"/>
  <object id="22" name="wall" x="1600" y="-13.3333" width="1600" height="266.667"/>
  <object id="23" name="wall" x="1596" y="450.667" width="1344" height="253.333"/>
  <object id="24" name="wall" x="2238.67" y="640" width="702.667" height="702.667"/>
  <object id="25" name="wall" x="3072" y="450.667" width="128" height="896"/>
  <object id="26" name="wall" x="2790.67" y="1322.67" width="117.333" height="238.667"/>
  <object id="28" name="wall" x="2238.67" y="1534.67" width="962.667" height="260"/>
  <object id="38" name="pass3" x="334" y="417" width="80" height="74"/>
  <object id="43" name="pass4" x="1118" y="745" width="80" height="74"/>
  <object id="46" name="destination" x="1480" y="87" width="72" height="70"/>
  <object id="47" name="pass5" x="2414" y="1407" width="80" height="74"/>
  <object id="51" name="pass5" x="2940" y="303" width="80" height="74"/>
  <object id="58" name="mob" x="1272" y="744" width="74" height="70"/>
  <object id="60" name="mob" x="969" y="745" width="74" height="70"/>
  <object id="61" name="mob" x="673" y="765" width="74" height="70"/>
  <object id="63" name="mob" x="455" y="747" width="74" height="70"/>
  <object id="64" name="mob" x="2239" y="321" width="74" height="70"/>
  <object id="65" name="mob" x="2605" y="263" width="74" height="70"/>
  <object id="66" name="mob" x="2421" y="317" width="74" height="70"/>
  <object id="67" name="mob" x="2737" y="307" width="74" height="70"/>
  <object id="68" name="mob" x="3109" y="277" width="74" height="70"/>
  <object id="75" name="mob" x="649" y="1641" width="74" height="70"/>
  <object id="76" name="mob" x="811" y="1677" width="74" height="70"/>
  <object id="77" name="mob" x="485" y="1695" width="74" height="70"/>
  <object id="78" name="mob" x="321" y="1615" width="74" height="70"/>
  <object id="79" name="mob" x="205" y="1689" width="74" height="70"/>
  <object id="80" name="mob" x="67" y="213" width="74" height="70"/>
  <object id="81" name="mob" x="51" y="557" width="74" height="70"/>
  <object id="82" name="mob" x="217" y="71" width="74" height="70"/>
  <object id="83" name="mob" x="633" y="461" width="74" height="70"/>
  <object id="92" name="mob" x="603" y="261" width="74" height="70"/>
  <object id="93" name="mob" x="451" y="63" width="74" height="70"/>
 </objectgroup>
</map>
